## Käyttöohje

Ohjelma käynnistetään komentoriviltä komennolla java -jar matrixcalc.jar samasta kansiosta, jossa kyseinen jar-tiedosto sijaitsee.

Kirjoittamalla käyttöliittymään help ja painamalla enter saat näkyviin listan saatavilla olevista komennoista.

Esimerkki ohjelman käytöstä:

```
ydna@thanatos:~/matrixcalc$ java -jar matrixcalc.jar
> load real_C
real_C = 
          1.3001           3.6817           4.7052           8.2842          -0.3966 
          7.8702          -2.0636           2.7574          -7.4234           9.3552 
          2.9730          -1.5273           4.7942          -9.5039           2.6975 
          1.2933          -1.2550          -7.9149          -3.9050           4.8403 
         -4.8329           9.5115           7.0639          -6.5325          -6.0168 

> load real_D
real_D = 
         -1.8732           0.2113           1.7727          -1.7303           8.5112 
         -0.6414          -6.2404          -0.1398          -7.3682          -5.0144 
          6.7821          -7.2941           4.2184          -3.3737          -3.2340 
          7.5011           4.5469           4.3287           5.2756           0.2432 
          5.7399           8.8618           3.7006          -8.1704           8.5947 

> invert real_C
         10.6080         -10.6980          15.5024           9.5834          -2.6734 
          1.8330          -1.7505           2.5180           1.6861          -0.3574 
         -3.1856           3.2657          -4.6515          -2.9852           0.8008 
         -0.9484           1.0120          -1.4992          -0.9188           0.2247 
         -8.3333           8.5610         -12.3048          -7.5395           2.1124 

> inverse = invert real_D
inverse = 
         -0.2140          -0.3791           0.2695          -0.2726           0.0999 
          0.0019           0.1413          -0.1504           0.1331           0.0202 
          0.3552           0.6153          -0.3376           0.5502          -0.1354 
          0.0112          -0.0771           0.0172           0.0190          -0.0501 
         -0.0014          -0.2308           0.1369          -0.1740           0.0395 

> multiply real_D inverse
          1.0000           0.0000           0.0000           0.0000           0.0000 
         -0.0000           1.0000          -0.0000          -0.0000           0.0000 
         -0.0000          -0.0000           1.0000          -0.0000          -0.0000 
          0.0000           0.0000           0.0000           1.0000          -0.0000 
          0.0000           0.0000           0.0000           0.0000           1.0000 
          
```

Ja toinen esimerkki:

```
ydna@thanatos:~/matrixcalc$ java -jar matrixcalc.jar
> load complex_C
complex_C = 
          6.3893+3.5375i         -9.7638-4.4994i         -1.6626-7.2636i          1.4520-5.6999i         -3.5865-2.5466i
          8.1535+2.0066i         -1.7775-1.1462i         -7.0421-1.8097i         -1.6554+1.5413i         -2.7805+0.8776i
          6.6410+6.7457i          4.3838-6.4307i         -9.3992-3.7907i         -2.7424-1.3054i          9.0814-0.9868i
          7.1424+7.2893i          3.0168-3.0406i         -2.4358+7.1269i          5.0146-9.3667i         -1.7583-2.8993i
          4.2379-2.1044i          5.9713-5.6585i         -4.4363+9.3105i         -1.7334-7.6228i         -7.2678+0.8923i

> load complex_D
complex_D = 
         -1.7803-0.5415i          6.9871-6.2720i         -3.9598-8.5768i          2.7149-8.7760i          9.5301-0.6305i
         -0.7260-6.7587i         -0.9039+6.0955i          3.8102+2.5395i          1.1137+0.5467i         -3.6345-8.4012i
         -4.2789+1.7473i         -7.1345-3.4043i         -4.2742+8.8652i         -9.9311+2.5334i          1.8446+9.6061i
         -0.1801-0.7666i          5.1421-8.1892i          0.8994-1.6144i          8.8010-3.5684i          3.3534+2.9653i
          8.2549+3.9859i         -7.6153-7.9353i         -8.7697+1.1399i         -3.2746+6.5502i         -2.6076+9.2478i

> complex_E = multiply complex_C complex_D
complex_E = 
        -37.0617+52.2710i         58.1099-6.6709i         77.2232-83.6656i         95.7548-59.3936i        182.1873+57.3589i
        -11.5614-2.5493i        154.4772+26.8298i         51.5881-148.2598i        107.2008-69.8390i         69.2069-65.6464i
         70.4195-10.3791i         76.3201+48.2532i         55.2826-141.9048i        136.5061+30.1147i         -3.2206+23.4074i
        -44.5799-102.8775i         92.5333-68.4817i          8.7951-139.2012i        129.9765-223.9323i         39.1870+15.1766i
       -117.6313-101.2901i         99.9424-25.2187i        -12.4324-133.7023i         -1.2518-261.0764i       -100.3108-178.0091i

> save complex_E complex_E
> determinant complex_E
-3.764709591167326E10-7.248194275960028E9i          
```
